200
              1621374
             12333370
             16238828
              1694773
             12267372
             14928912
              4359297
             13628385
             12530625
              6410489
             14976608
              6999752
              9579327
              2973435
               345499
              7496256
             11155888
             11103361
             16357149
              3805799
              5004481
             11630548
             13893520
             10580914
             10360432
              1227060
              8915546
              5629585
             13993537
             16710833
              6173922
             16072192
             12780811
             12911177
             13863494
              1704113
              4445531
              4279991
              1752143
              4697548
               897646
              4894295
             10528633
             14703606
             13420887
             10202184
             15328950
             11759508
             16625358
              2844011
              3824259
              4419675
              7768413
              5423103
               423319
             14675161
             15960317
              6476242
              4003314
              7782173
              8044845
               746498
              9386337
              9016420
              7471098
             13449000
              6835843
              1545344
              4459972
               961471
             12042793
             13525755
              8063915
              1740115
              1783677
             10604010
              4014949
              4634976
             12339902
              6621890
             15387831
              7964256
             12965268
              4097805
              4809261
              2550182
             10916832
             15039171
              8233116
              7240731
             10417535
              7906875
             15375504
             11543499
             14482167
              1214506
              2021953
             10219325
              3221862
             15889403
             11553016
              9376402
             10937951
              7283525
              7968105
              6412882
              5552631
              1054720
              8779825
             11759988
               498089
              9462807
              6165158
             12389716
             15777612
              4587556
             10380965
              1738028
             13063612
              3497796
              3273595
              9337596
             11491550
              7321366
              7671085
              9100503
             16259818
             13473527
              1990137
              6645631
             16199705
             12833914
              1719613
             13143459
              7555472
              1634746
             14647455
              5582227
              2603083
             16606581
              2406915
             12587383
             11536335
                97039
              1172962
             15625156
              5621165
              4313293
              9358909
             11519885
             14610192
             10854245
              4778543
              3359558
                 9438
              6233499
              2477727
              8990890
              4514978
              1555940
             13318963
               998007
             12398347
             13773253
              4850195
               266041
              5530873
              5987039
               363386
             13512762
             11870746
               717388
              9055229
             10505078
             16735578
             13288052
              1541065
             11418213
              8071415
              5543430
              6990000
                 1655
              6472104
              9418361
             10302864
             14666765
             10786202
              5990578
             14114530
             16383091
              2280503
              9718472
              1328444
               598288
              2541211
             15512554
              3326456
              8676419
              9121555
             16359808
