200
                 1655
                 9438
                97039
               266041
               345499
               363386
               423319
               498089
               598288
               717388
               746498
               897646
               961471
               998007
              1054720
              1172962
              1214506
              1227060
              1328444
              1541065
              1545344
              1555940
              1621374
              1634746
              1694773
              1704113
              1719613
              1738028
              1740115
              1752143
              1783677
              1990137
              2021953
              2280503
              2406915
              2477727
              2541211
              2550182
              2603083
              2844011
              2973435
              3221862
              3273595
              3326456
              3359558
              3497796
              3805799
              3824259
              4003314
              4014949
              4097805
              4279991
              4313293
              4359297
              4419675
              4445531
              4459972
              4514978
              4587556
              4634976
              4697548
              4778543
              4809261
              4850195
              4894295
              5004481
              5423103
              5530873
              5543430
              5552631
              5582227
              5621165
              5629585
              5987039
              5990578
              6165158
              6173922
              6233499
              6410489
              6412882
              6472104
              6476242
              6621890
              6645631
              6835843
              6990000
              6999752
              7240731
              7283525
              7321366
              7471098
              7496256
              7555472
              7671085
              7768413
              7782173
              7906875
              7964256
              7968105
              8044845
              8063915
              8071415
              8233116
              8676419
              8779825
              8915546
              8990890
              9016420
              9055229
              9100503
              9121555
              9337596
              9358909
              9376402
              9386337
              9418361
              9462807
              9579327
              9718472
             10202184
             10219325
             10302864
             10360432
             10380965
             10417535
             10505078
             10528633
             10580914
             10604010
             10786202
             10854245
             10916832
             10937951
             11103361
             11155888
             11418213
             11491550
             11519885
             11536335
             11543499
             11553016
             11630548
             11759508
             11759988
             11870746
             12042793
             12267372
             12333370
             12339902
             12389716
             12398347
             12530625
             12587383
             12780811
             12833914
             12911177
             12965268
             13063612
             13143459
             13288052
             13318963
             13420887
             13449000
             13473527
             13512762
             13525755
             13628385
             13773253
             13863494
             13893520
             13993537
             14114530
             14482167
             14610192
             14647455
             14666765
             14675161
             14703606
             14928912
             14976608
             15039171
             15328950
             15375504
             15387831
             15512554
             15625156
             15777612
             15889403
             15960317
             16072192
             16199705
             16238828
             16259818
             16357149
             16359808
             16383091
             16606581
             16625358
             16710833
             16735578
